28 88
77 84
9 46
-1 -1
97 31
25 22
-1 -1
23 6
-1 -1
-1 -1
-1 -1
-1 -1
-1 -1
-1 -1
-1 -1
-1 -1
22 65
34 89
-1 -1
-1 -1
-1 -1
58 91
3 87
10 62
63 22
39 51
25 47
22 69
-1 -1
-1 -1
79 25
-1 -1
-1 -1
71 40
-1 -1
23 81
52 36
-1 -1
-1 -1
89 70
-1 -1
41 85
85 90
84 37
-1 -1
63 40
62 71
77 79
-1 -1
31 68
-1 -1
-1 -1
59 39
62 72
-1 -1
91 67
80 59
98 82
49 64
6 47
35 83
86 23
94 51
-1 -1
44 98
12 41
60 95
-1 -1
95 29
18 38
79 90
-1 -1
-1 -1
32 26
67 78
77 34
-1 -1
-1 -1
62 26
32 59
-1 -1
-1 -1
67 77
25 38
-1 -1
-1 -1
15 45
22 25
-1 -1
44 77
-1 -1
8 85
-1 -1
75 48
-1 -1
59 87
-1 -1
-1 -1
-1 -1
-1 -1
-1 -1
79 15
12 6
-1 -1
63 54
-1 -1
46 51
41 28
-1 -1
20 37
-1 -1
75 6
50 25
74 67
86 70
-1 -1
17 92
93 93
-1 -1
80 77
-1 -1
-1 -1
-1 -1
-1 -1
65 43
84 39
10 60
-1 -1
-1 -1
-1 -1
89 58
-1 -1
31 91
-1 -1
39 85
5 94
-1 -1
53 13
-1 -1
-1 -1
35 98
86 23
-1 -1
-1 -1
-1 -1
61 77
73 83
77 69
-1 -1
-1 -1
-1 -1
-1 -1
19 73
-1 -1
-1 -1
73 37
80 12
97 60
-1 -1
-1 -1
-1 -1
27 57
-1 -1
49 11
79 43
-1 -1
8 9
6 4
28 12
-1 -1
-1 -1
-1 -1
17 29
43 41
51 53
96 54
94 17
95 92
43 17
99 18
-1 -1
-1 -1
20 31
-1 -1
84 53
94 51
-1 -1
-1 -1
-1 -1
-1 -1
67 93
-1 -1
6 76
-1 -1
-1 -1
79 61
-1 -1
-1 -1
10 81
-1 -1
-1 -1
-1 -1
45 78
-1 -1
78 82
49 23
39 60
82 99
-1 -1
6 83
-1 -1
-1 -1
-1 -1
-1 -1
-1 -1
-1 -1
38 84
55 40
-1 -1
99 84
-1 -1
79 18
-1 -1
44 23
-1 -1
-1 -1
89 78
-1 -1
-1 -1
6 18
32 72
49 97
3 86
54 81
29 20
30 17
-1 -1
-1 -1
20 31
-1 -1
-1 -1
74 9
21 24
82 94
21 15
-1 -1
62 76
51 28
-1 -1
-1 -1
37 41
31 24
25 68
5 72
-1 -1
-1 -1
-1 -1
-1 -1
-1 -1
-1 -1
79 87
48 21
58 31
-1 -1
-1 -1
47 77
22 7
24 56
90 18
13 95
27 29
-1 -1
75 41
22 14
-1 -1
-1 -1
-1 -1
90 23
-1 -1
-1 -1
64 93
57 10
18 7
-1 -1
16 3
-1 -1
-1 -1
-1 -1
36 91
81 8
-1 -1
50 5
75 54
3 57
65 95
-1 -1
-1 -1
-1 -1
24 37
-1 -1
30 4
12 92
89 83
21 42
-1 -1
-1 -1
11 84
36 81
-1 -1
-1 -1
61 80
43 72
32 80
30 53
9 48
-1 -1
87 76
27 16
-1 -1
43 74
35082
